1.264187930398193715e-01 7.406553174119861289e-04
1.251989578878643372e-01 5.902449550169513396e-04
1.279497979257340212e-01 9.437316712691912277e-04
1.261440020775147219e-01 8.971689979190878043e-04
1.269304495503279506e-01 8.093872746292397674e-04
1.260951216443980671e-01 6.098971360702570366e-04
1.267351265471306221e-01 1.051940868255643070e-03
1.274545481457077523e-01 8.501379575848986864e-04
1.273827402474586035e-01 6.246349204870728453e-04
1.268084044014474165e-01 5.820094722249884731e-04
1.277250060763306660e-01 5.566003755153009058e-04
1.269679948516494461e-01 9.227623736723137259e-04
1.268093258052423178e-01 6.994143320100270917e-04
1.269129929600252282e-01 8.912740649690955924e-04
1.262267340457791376e-01 9.006158089455092207e-04
1.273675463960740328e-01 9.736280129109520752e-04
1.272553151898087875e-01 6.992520187193172537e-04
1.246437417477886250e-01 6.887278018779744836e-04
1.259036288563797623e-01 6.875567736701118909e-04
1.261300836506549505e-01 7.678452542667838073e-04
1.259868482324907335e-01 5.830080317853671840e-04
1.263495153758373291e-01 6.812646709015660745e-04
1.270247935932718175e-01 7.384671809169467095e-04
1.272483044407214658e-01 6.268139261732851367e-04
1.269394102782913647e-01 1.000379417041913398e-03
1.252391451297134584e-01 6.045255311488007943e-04
1.278189079448572851e-01 6.997810249869650936e-04
1.274728980417234592e-01 6.063134134278021182e-04
1.272225833905994696e-01 7.986874365110414702e-04
1.284743732728706733e-01 8.579251213836023302e-04
1.265480393998280884e-01 6.634975707216976375e-04
1.273699962041827671e-01 9.088007002620359384e-04
1.275177435005795112e-01 6.892570705120668658e-04
1.271726107227648395e-01 6.708115827716988437e-04
1.261712162545773896e-01 7.501818003606834824e-04
1.258906839105784770e-01 8.120631642838198588e-04
1.255935090258561981e-01 7.512565064796705456e-04
1.257059686455829495e-01 7.693978514587115946e-04
1.268229859953153016e-01 7.958123230371167128e-04
1.270196782514996792e-01 8.686177746287328163e-04
1.268277060227392672e-01 1.016377600119413530e-03
1.275662388100210209e-01 6.561587213100457654e-04
1.276596336280034494e-01 6.930357596669611125e-04
1.267891883139604658e-01 6.337783228004082456e-04
1.277069034126052383e-01 7.462770186555809293e-04
1.276622506517882116e-01 7.756602762107272066e-04
1.268114622720332707e-01 6.861856339616462718e-04
1.272186784058804698e-01 9.401543448992677942e-04
1.272327713839349894e-01 8.883429841964129254e-04
1.275757521637731762e-01 6.660443205244543849e-04
1.260061716831295253e-01 7.017199859002707730e-04
1.257769300490461650e-01 1.015069391621259681e-03
1.267062534754896108e-01 8.687684267654082913e-04
1.266846505549679425e-01 8.107319819720423901e-04
1.275270563605045981e-01 7.736919617750492124e-04
1.262797583494579545e-01 6.750672259110103912e-04
1.262564842169389689e-01 8.155129116002703214e-04
1.254670944148230383e-01 6.828504153715698587e-04
1.254815621360980127e-01 5.797297074005426220e-04
1.264913475089087525e-01 8.168787123245995277e-04
1.262946507285551134e-01 8.185933724786767550e-04
1.277823599940020038e-01 6.356511670549311842e-04
1.273063189112249582e-01 6.090379609710612875e-04
1.266361277878148006e-01 7.168651624258946895e-04
1.270853812985452691e-01 7.759715596686579632e-04
1.280529170005550443e-01 8.717491691181092784e-04
1.276516685297637010e-01 8.822183595772130999e-04
1.275007633172722254e-01 6.603902132522740864e-04
1.264679455686605059e-01 8.580777703344308512e-04
1.269400223119699633e-01 7.789577035608487299e-04
1.275086360352953863e-01 8.083534785412060551e-04
1.267484578859122135e-01 8.316270896692237995e-04
1.264609290526269025e-01 7.820739957067850264e-04
1.273559527373641920e-01 6.341847483160304366e-04
1.250862160724737493e-01 6.737120761333880358e-04
1.264419196848491356e-01 9.828187469469503584e-04
1.274220039048847009e-01 6.747035579233464329e-04
1.261084094272394984e-01 7.206557840695955496e-04
1.274159090501585656e-01 7.099114627945752589e-04
1.268399590080700190e-01 7.713234299265760846e-04
1.284286325872366075e-01 8.772920575709029084e-04
1.278320367140879654e-01 6.614232351498762008e-04
1.284097113017376446e-01 6.644637755812834523e-04
1.276472760389206762e-01 6.964060379504930084e-04
1.261732879998615497e-01 5.647060612718738564e-04
1.271895950136414932e-01 7.711435113950957168e-04
1.278544810063955151e-01 7.540873531970950167e-04
1.277817752441565702e-01 8.583815526931797089e-04
1.264344908086061647e-01 7.441735580628951489e-04
1.266861173799257168e-01 8.073618065393100944e-04
1.263863718926729052e-01 6.399323410466866173e-04
1.261196399345517749e-01 6.878391935813885343e-04
1.266704195991046611e-01 7.171760633641721238e-04
1.263000605485082584e-01 9.819438184081501556e-04
1.262447093760189487e-01 5.980310559853929241e-04
1.253927115524106906e-01 5.602939404295864288e-04
1.268751350555478163e-01 7.675655786065764975e-04
1.280225365298418294e-01 9.027925467430723914e-04
1.278580007598878743e-01 6.468810195934991073e-04
1.270079498910478832e-01 9.056924650660678382e-04
1.264287650624513759e-01 7.201951805285050938e-04
1.274867361322392367e-01 7.758524112759240679e-04
1.282505384303849472e-01 8.030626705048155185e-04
1.263620829011379010e-01 9.551792088772862463e-04
1.259988285875907332e-01 7.543969545571408558e-04
1.257574905039512414e-01 6.525287706540553118e-04
1.280046463090603048e-01 5.710626885883160345e-04
1.285848328287164388e-01 7.300774272202823541e-04
1.269235074034977540e-01 6.983104875767720890e-04
1.268097187875928122e-01 6.840979778183599661e-04
1.267216806814519536e-01 9.059065678717733100e-04
1.272658161311285840e-01 7.085858054432999124e-04
1.260410246626528508e-01 8.582856201987408605e-04
1.262909276128529046e-01 5.702377514259473123e-04
1.264653078860800695e-01 7.558820918222296540e-04
1.262301815084961309e-01 8.508233791468610514e-04
1.260493188167387257e-01 7.263620667047280405e-04
1.274742185321051102e-01 7.674013406301653708e-04
1.273384654978909347e-01 9.226696859741167957e-04
1.272325485623571895e-01 6.000785418724610557e-04
1.269547077267842161e-01 6.763228745105275041e-04
1.268615240453696835e-01 8.933187788957039441e-04
1.271169875573770480e-01 5.907921712754082757e-04
1.275174246388445509e-01 6.598653482191898503e-04
1.257564107714221890e-01 7.592200679291695713e-04
1.275490166071981124e-01 6.044985409004095030e-04
1.266351492685458546e-01 9.814644682563031242e-04
1.261518891157109856e-01 6.069552275089067387e-04
1.264434500749393453e-01 7.622067000369506891e-04
1.260357071423602038e-01 6.697725600842549185e-04
1.273540237298968758e-01 7.799948864198227427e-04
1.260738009544535854e-01 6.814934453453477597e-04
1.271001180411178433e-01 9.496648673171431470e-04
1.250692507390150643e-01 7.493516319597838624e-04
1.265140019518651016e-01 6.748017263678258515e-04
1.276451408498349149e-01 8.943234537581930569e-04
1.273259804866593292e-01 9.041553580762532382e-04
1.277726181110441506e-01 5.952108727000528362e-04
1.277392082927984174e-01 6.664148903593203896e-04
1.273450223267993953e-01 7.367243270960878616e-04
1.258035826392026324e-01 8.583993077073469400e-04
1.273884269205018682e-01 8.891948436238997396e-04
1.279239367378145198e-01 6.285625238656226922e-04
1.273385833121242205e-01 6.358515144170468229e-04
1.272885252902713760e-01 8.640295462572870075e-04
1.258084131960821583e-01 9.902668198669103191e-04
1.279692798112887775e-01 1.026749235451260680e-03
1.284484619191728905e-01 7.401911073779030795e-04
1.265012731386639111e-01 7.420030243237004742e-04
1.258148094145590812e-01 8.792692695990846075e-04
1.269176448150773628e-01 5.965777924964795094e-04
1.272416628196162969e-01 7.450308093996327536e-04
1.254241400662418349e-01 6.195332470607588064e-04
1.260110435974450271e-01 5.886923308327835121e-04
1.273347305543603980e-01 6.447764952378153913e-04
1.270028998460831227e-01 8.695031593781719957e-04
1.269829525294957906e-01 6.298022555403799249e-04
1.265098152235817897e-01 6.101718189262429629e-04
1.267456859961391125e-01 6.828546330114726578e-04
1.265116050590885111e-01 8.247143477028267547e-04
1.271182102628955479e-01 7.742337240347063609e-04
1.273643360351037757e-01 6.855610656665045736e-04
1.258745703405450278e-01 8.324539315053222383e-04
1.283708969355230045e-01 8.336818139346353646e-04
1.270212851391749054e-01 8.529149169563461121e-04
1.273744431307735347e-01 9.138773334639901502e-04
1.264551402301419825e-01 7.826051889509327191e-04
1.279941765836257184e-01 6.569045563615146226e-04
1.260030705403070717e-01 7.872229361635821668e-04
1.252824149052382263e-01 7.640926250321042681e-04
1.254690632577433185e-01 5.905845348767806797e-04
1.243046515144477643e-01 5.550624963847133279e-04
1.271044154679511207e-01 8.324177352477005144e-04
1.283020589507529174e-01 8.891235803990230231e-04
1.258046689244035066e-01 8.549277365671105900e-04
1.266194885157179151e-01 5.807392125428735303e-04
1.269729109510890908e-01 8.293665390438072042e-04
1.278218816244022227e-01 6.743303193079044477e-04
1.272228704994389781e-01 7.963620663885346467e-04
1.278758830796780654e-01 8.692487989414686292e-04
1.270013253488190830e-01 6.769286995240689133e-04
1.275984841154420013e-01 8.093236677382056876e-04
1.261663541953742251e-01 6.298067218768189620e-04
1.270188952340935429e-01 7.460711008707016090e-04
1.267025493581732110e-01 6.093537506694080138e-04
1.268699671848159682e-01 6.340793790170377647e-04
1.266350049858122329e-01 7.945642948085458387e-04
1.258447164932998685e-01 6.575009130245189348e-04
1.252951250629933400e-01 6.029065090411443641e-04
1.262328828375347822e-01 9.027464134692151981e-04
1.252074503714203091e-01 8.269922587820184101e-04
1.272874616887624821e-01 7.795163832987327688e-04
1.272137473418518405e-01 8.299728084271864150e-04
1.275010467057379748e-01 7.098703797832313714e-04
1.274046878258960347e-01 7.644241289124138229e-04
1.276986443830669116e-01 6.839518393005175655e-04
1.269880109014305813e-01 8.184972577217872235e-04
1.267419971995058792e-01 5.835872011040412919e-04
1.261137451418515576e-01 8.918163788398452644e-04
1.285488714784758513e-01 9.133591623654794406e-04
1.265115448673203857e-01 6.775654346062983053e-04
1.264707656586992190e-01 1.041069715602203297e-03
1.275550605051779252e-01 7.595538010174796104e-04
1.263846415596332484e-01 7.277820521262767708e-04
1.260846780732208794e-01 8.226671874576071790e-04
1.282378416832497536e-01 8.116714343156034754e-04
1.269669181013043935e-01 6.887911921720940057e-04
1.263530752843561589e-01 6.978952974863106761e-04
1.250692219323471521e-01 6.207831614995014576e-04
1.261279480954385634e-01 5.792403755105683498e-04
1.282163689744107438e-01 8.250985202913293549e-04
1.256966153231944272e-01 7.090074453909435241e-04
1.278797870074808440e-01 5.985223481206707313e-04
1.258318122105641090e-01 8.960569758996894023e-04
1.281770098870358976e-01 8.951613616929853532e-04
1.287490978350744331e-01 8.280791511815324734e-04
1.275277855299263574e-01 6.248000027502996706e-04
1.259978389059554504e-01 9.324320334689752783e-04
1.275709619637435399e-01 6.884309947423310075e-04
1.275322238058863300e-01 9.111252207013039546e-04
1.280001595473965192e-01 7.377908451128957837e-04
1.274181770473348796e-01 6.414412653374368910e-04
1.287158875298256844e-01 8.197962992596432392e-04
1.267686928701281524e-01 6.608315159881841079e-04
1.276503900450554896e-01 7.039232911952401917e-04
1.256093900937890473e-01 8.907697622113819238e-04
1.260240812040769320e-01 8.980175012133766611e-04
1.263807118648285210e-01 9.772317339486430270e-04
1.269215848275057901e-01 8.196867959511798833e-04
1.271363472210852441e-01 5.836062278993826022e-04
1.272641955657905777e-01 7.125313758659986701e-04
1.275502091357740286e-01 6.698152688231364229e-04
1.270503958641457931e-01 6.450039684198438867e-04
1.264915442849929572e-01 9.939912447363412774e-04
1.270271691831233452e-01 8.328789325489794476e-04
1.273897061553068699e-01 6.456260672350482054e-04
1.266712603733165521e-01 6.568173167353219674e-04
1.281524873034890488e-01 7.305043687711633297e-04
1.269687646192911024e-01 6.936088310173725005e-04
1.268359578706425850e-01 7.642429857359391010e-04
1.272667845028733202e-01 6.838466096379588197e-04
1.258623344343254291e-01 6.490567543121943724e-04
1.267273553451875590e-01 7.218041784342404087e-04
1.283827029653065166e-01 9.832150805388281678e-04
1.257174748289475452e-01 9.177385198115635585e-04
1.256135468168975144e-01 7.378443419847744615e-04
1.258316289766298335e-01 8.022703439610732751e-04
1.260671676178264644e-01 6.414456619789266805e-04
1.266357384983936851e-01 6.418117940952829635e-04
1.278335546234985465e-01 7.396637679950869007e-04
1.290269531533487501e-01 8.857003198424513593e-04
1.268080688928234501e-01 5.890219647668659079e-04
1.273392696830403792e-01 6.313721214941685114e-04
1.277034319344439450e-01 9.062324509353763668e-04
1.274056856008375094e-01 7.315128912021208072e-04
1.266314698984226939e-01 6.838260539075442356e-04
1.250354069507514376e-01 8.133868465770476485e-04
1.284299516002774810e-01 7.155461948682273043e-04
1.275085678748328344e-01 6.446331457634228495e-04
1.263278340374818787e-01 6.243070967877563555e-04
1.259258160206070121e-01 7.574165666263487197e-04
1.268375706087187527e-01 7.274804463533415160e-04
1.267893941877525632e-01 6.111572310602153167e-04
1.249289567144700464e-01 8.332050736250002504e-04
1.258982621309883698e-01 6.820236662577915847e-04
1.262970582051345936e-01 8.302511240413446361e-04
1.267495708514876918e-01 6.292555746289450183e-04
1.280883900222095362e-01 7.678389883278563663e-04
1.269871335565051773e-01 7.055858429834346857e-04
1.260530065885281659e-01 6.799972442542814074e-04
1.275124031455940610e-01 8.553860723523329726e-04
1.272918263143701656e-01 6.815006251462310365e-04
1.274944659284187876e-01 7.738540270574879041e-04
1.275711681442874279e-01 6.011572728391284103e-04
1.273074968219649050e-01 5.972924219578143110e-04
1.271367486832982729e-01 8.678157719376948347e-04
1.273361326679696426e-01 9.458616800720190875e-04
1.270642196768714260e-01 7.268915602013342313e-04
1.267932759752291583e-01 7.677613331691730738e-04
1.266087706829266690e-01 6.920641074111566222e-04
1.281674981407705249e-01 5.469291580271965067e-04
1.275845723123739950e-01 6.781900303393293122e-04
1.254336894642701927e-01 5.445280101570138627e-04
1.264689592743829250e-01 7.829903809693317205e-04
1.266542123900439853e-01 7.703355870692204154e-04
1.253753937165965060e-01 5.511453732323417978e-04
1.279129862428976527e-01 6.409919273239665736e-04
1.270007517998127666e-01 8.687052749675665091e-04
1.281421121976549504e-01 5.984210550823613290e-04
1.268503148700231009e-01 8.320277888129291952e-04
1.267579089541434334e-01 6.585481874978586130e-04
1.260976982141075731e-01 6.309448595846948006e-04
1.271387735393972596e-01 7.147836119990087387e-04
1.269152143881948636e-01 8.320467897650373531e-04
1.250424699594211153e-01 7.951167344112201061e-04
1.272199763141521889e-01 6.473893302107548492e-04
1.283583008076796261e-01 7.418693689183320080e-04
1.282951639807190514e-01 9.724439852191073871e-04
1.266890856722545922e-01 6.148620734436252957e-04
1.271883386721678610e-01 1.068063060361256530e-03
1.253457166874459572e-01 7.269416752043475569e-04
1.249749555633829917e-01 7.056280783772616314e-04
1.256820210329737397e-01 6.106687590951904348e-04
1.264561534433877310e-01 5.918811673544775460e-04
1.256836542665107082e-01 7.769705663606397928e-04
1.281873221099162907e-01 8.556773677888668533e-04
1.275644120748128385e-01 5.924835133991715767e-04
1.283126410736431799e-01 7.900248439764451106e-04
1.273777114419881173e-01 7.502441825230621569e-04
1.271787067092643442e-01 6.153915908303610530e-04
1.259133341048326860e-01 8.180389796408014122e-04
1.276815797011595921e-01 6.226940122650318973e-04
1.272529765300309812e-01 6.420403289273102741e-04
1.272596639383329065e-01 7.561019157378367052e-04
1.277510668690531870e-01 8.851725288923774186e-04
1.267032212524571988e-01 9.074425181832952670e-04
1.273041714571633287e-01 6.742499135389610869e-04
1.277288684441132138e-01 6.074929533530474971e-04
1.272077575245611492e-01 6.295464400525824060e-04
1.272852181889409517e-01 7.372951209850830707e-04
1.262835398272221799e-01 6.025614770884872530e-04
1.250966447727110964e-01 9.093038118270448025e-04
1.262055820662098260e-01 8.221340258916785305e-04
1.262365378576142116e-01 6.739719456866717553e-04
1.255146270816359100e-01 6.886371441823831282e-04
1.274649913713049310e-01 6.822540417593738219e-04
1.262314805862296552e-01 8.214704124311292136e-04
1.278059896303781473e-01 8.851369950359521972e-04
1.273352836141843081e-01 7.062932218135294397e-04
1.269034061956857695e-01 7.500581597679545701e-04
1.271207965761818048e-01 9.018701158071279218e-04
1.274191544534204468e-01 8.967516731152388879e-04
1.271593836203303574e-01 8.964757219948464887e-04
1.292792076534477197e-01 8.236674245707049143e-04
1.275838258733860975e-01 8.791642523740319246e-04
1.275393943316287249e-01 7.396974398459312591e-04
1.266686539641365683e-01 7.430396223423402311e-04
1.259013101685427238e-01 1.029775236097174281e-03
1.251861580663863882e-01 7.050298963748449299e-04
1.269328012635743408e-01 8.830140829447399430e-04
1.259153503829006926e-01 7.590984143297169542e-04
1.258571506115462868e-01 7.243076267500475748e-04
1.253924296343017775e-01 6.724899892637819674e-04
1.279437676854114081e-01 6.385485332694575220e-04
1.278590574472833197e-01 7.216242739685515412e-04
1.263715261599695772e-01 5.598929432504988523e-04
1.271462185567217018e-01 6.562539793649078360e-04
1.271129868352882109e-01 6.470112041270134314e-04
1.279594350839163563e-01 7.003560908719481644e-04
1.282034857238076864e-01 8.534902013617679060e-04
1.261983941245261864e-01 6.340123353700461740e-04
1.266262699471474573e-01 8.828697532933057644e-04
1.281868653775629086e-01 8.282242659246879949e-04
1.277218657435427729e-01 8.345800175521533295e-04
1.261941124350763888e-01 6.828256302267506376e-04
1.284969420934475859e-01 8.498710061238778620e-04
1.265940630435120340e-01 7.084570665055510766e-04
1.264343889968983781e-01 7.778425260444918722e-04
1.254735448593836955e-01 6.234339587157713275e-04
1.273157616483862054e-01 8.408281784300281926e-04
1.263556123395763731e-01 6.267258660658442176e-04
1.259213442156792429e-01 6.382350550275276910e-04
1.283242940324420545e-01 8.247400350959724824e-04
1.259952809383755867e-01 8.545772569705554307e-04
1.263071377318319977e-01 6.486618245668218609e-04
1.268959289952164282e-01 8.331076028521184089e-04
1.260782556479810301e-01 7.326244820843872459e-04
1.262393320270884800e-01 7.780826663633255572e-04
1.278793328662935214e-01 8.843929321682882094e-04
1.279225710284664363e-01 6.164848667298258649e-04
1.261513094340051544e-01 7.662801342999073922e-04
1.275050944741628889e-01 7.299078772622135183e-04
1.273337399748614152e-01 7.056215259002283392e-04
1.261384229621966002e-01 8.006026584564847337e-04
1.256625324557973378e-01 8.865394158333601404e-04
1.276605839244536467e-01 7.739593655099847539e-04
1.246087686403770517e-01 7.592511523369694943e-04
1.268550019482992675e-01 6.687898184582575850e-04
1.255923933268209558e-01 8.382712834028449448e-04
1.264986553256440827e-01 6.091079243723660939e-04
1.270049818334746394e-01 8.358670021466047375e-04
1.267242974667953659e-01 8.477234120515788262e-04
1.268412998135320380e-01 7.538766522283652871e-04
1.277146378137712646e-01 6.090543791788441798e-04
1.262361667557274636e-01 6.392265378120338482e-04
1.278961786703334269e-01 8.626720098146225136e-04
1.270366817445144625e-01 6.540871595918725141e-04
1.272507615136033443e-01 8.244773486775296666e-04
1.273364692020801936e-01 9.190399950624239186e-04
1.273153819036393630e-01 6.385992681851390294e-04
1.268223538168521125e-01 6.723928031199690293e-04
1.271761813143678088e-01 6.625887468222011736e-04
1.262961704644277039e-01 8.252550217994902718e-04
1.274153960398935470e-01 9.663288409506029042e-04
1.270806602799510465e-01 9.713471530011849727e-04
1.256727990039988863e-01 7.851533826369527444e-04
1.260423878728681724e-01 8.239204467339911750e-04
1.260042145554101933e-01 5.884068557674154579e-04
1.253190044793512647e-01 6.759983106785960507e-04
1.277637379312007437e-01 5.981737142837629086e-04
